TRAINING:
	 Accuracy = 0.8878048780487805
	 IOU = 0.5322144006854922
TESTING:
	 Accuracy = 0.8888888888888888
	 IOU = 0.5099243725904784
